5.604247500000000271e-01
5.508300099999999810e-01
5.483560600000000340e-01
5.497075300000000553e-01
5.499021400000000392e-01
5.512678600000000539e-01
5.599823000000000439e-01
5.630272600000000294e-01
5.570255499999999804e-01
5.531791400000000136e-01
5.563306199999999979e-01
5.574004100000000683e-01
5.587515800000000254e-01
5.613638800000000373e-01
5.638623799999999964e-01
5.567490499999999676e-01
5.410764200000000024e-01
5.406884000000000690e-01
5.456961999999999646e-01
5.540016300000000227e-01
5.610650799999999938e-01
5.603292600000000512e-01
5.601840599999999837e-01
5.537398500000000334e-01
5.463725900000000468e-01
5.447885399999999878e-01
5.426271599999999973e-01
5.415519500000000042e-01
5.433546300000000606e-01
5.459321700000000499e-01
5.522866800000000298e-01
5.507659900000000386e-01
5.486396000000000051e-01
5.481282499999999835e-01
5.435313600000000189e-01
5.415726899999999677e-01
5.425993199999999961e-01
5.459298500000000498e-01
5.497605800000000542e-01
5.384393299999999938e-01
5.371975300000000342e-01
5.385501999999999789e-01
5.374439400000000644e-01
5.379885400000000706e-01
5.372254300000000038e-01
5.370872600000000663e-01
5.321221400000000212e-01
5.303322700000000500e-01
5.334642499999999732e-01
5.354332299999999822e-01
5.353898400000000057e-01
5.445886300000000180e-01
5.473632800000000076e-01
5.475832200000000372e-01
5.357775100000000679e-01
5.347629799999999989e-01
5.363389800000000207e-01
5.354893200000000464e-01
5.374209300000000189e-01
5.504750600000000160e-01
5.690216999999999636e-01
5.596093500000000054e-01
5.613058200000000664e-01
5.652958200000000044e-01
5.664261600000000119e-01
5.685592900000000505e-01
5.725336100000000261e-01
5.739342000000000610e-01
5.631117199999999823e-01
5.622772600000000010e-01
5.633794100000000249e-01
5.633793500000000565e-01
5.659362700000000190e-01
5.677818700000000218e-01
5.695254800000000284e-01
5.606858700000000306e-01
5.581754399999999672e-01
5.594503899999999641e-01
5.598938500000000262e-01
5.603143000000000429e-01
5.584225700000000625e-01
5.558078899999999711e-01
5.538997700000000135e-01
5.424443500000000196e-01
5.421286800000000294e-01
5.437516599999999700e-01
5.434780100000000669e-01
5.455167300000000052e-01
5.485149599999999959e-01
5.512072399999999872e-01
5.530157700000000176e-01
5.427047600000000083e-01
5.472056299999999984e-01
5.604436400000000207e-01
5.595685200000000137e-01
5.625240799999999819e-01
5.637304200000000654e-01
5.668873800000000518e-01
5.685650700000000057e-01
5.552251300000000667e-01
5.466526200000000335e-01
5.472695200000000648e-01
5.478828500000000323e-01
5.451597599999999932e-01
5.435183599999999782e-01
5.450361999999999707e-01
5.439419199999999677e-01
5.354404999999999859e-01
5.292848300000000394e-01
5.293561800000000650e-01
5.283678200000000436e-01
5.269479200000000141e-01
5.308121399999999879e-01
5.372075400000000389e-01
5.606536899999999823e-01
5.508843100000000437e-01
5.379766799999999849e-01
5.465347799999999978e-01
5.536280900000000171e-01
5.537984400000000029e-01
5.531889800000000523e-01
5.531222199999999978e-01
5.545676400000000283e-01
5.394191099999999794e-01
5.392045400000000654e-01
5.394594099999999726e-01
5.331649200000000421e-01
5.371207599999999749e-01
5.435204500000000438e-01
5.462867599999999824e-01
5.347813999999999623e-01
5.395981699999999881e-01
5.508846600000000260e-01
5.519961700000000082e-01
5.471019099999999691e-01
5.497991399999999640e-01
5.807828299999999722e-01
6.237112300000000609e-01
5.899156300000000241e-01
5.682266400000000051e-01
5.584359199999999746e-01
5.631790800000000541e-01
5.728044500000000205e-01
5.648482400000000014e-01
5.630772099999999947e-01
5.684310799999999775e-01
5.702180300000000424e-01
5.676455500000000542e-01
5.681394899999999692e-01
5.652322800000000314e-01
5.511257600000000201e-01
5.522943700000000344e-01
5.531969700000000101e-01
5.546308199999999689e-01
5.607933400000000290e-01
5.635151900000000547e-01
5.480666200000000599e-01
5.353934200000000088e-01
5.373147700000000526e-01
5.395150800000000357e-01
5.400581399999999643e-01
5.443836499999999967e-01
5.483275699999999864e-01
5.489965100000000486e-01
5.491457600000000383e-01
5.514323700000000050e-01
5.527170300000000536e-01
5.562188599999999816e-01
5.618687300000000384e-01
5.589950700000000383e-01
5.550510899999999692e-01
5.549673400000000312e-01
5.567910099999999751e-01
5.640518100000000423e-01
5.610961899999999947e-01
5.554449599999999876e-01
5.565804800000000441e-01
5.564578199999999919e-01
5.576775099999999874e-01
5.616182100000000066e-01
5.675973899999999794e-01
5.733782600000000285e-01
5.610380200000000261e-01
5.605889600000000250e-01
5.636937600000000437e-01
5.643217000000000372e-01
5.660407499999999814e-01
5.688179100000000377e-01
5.709201700000000601e-01
5.592098199999999686e-01
5.624186399999999697e-01
5.643143700000000651e-01
5.641711400000000154e-01
5.653599500000000555e-01
5.691218399999999900e-01
5.723084800000000083e-01
5.602323999999999637e-01
5.589783799999999969e-01
5.618530499999999650e-01
5.630186799999999936e-01
5.643664000000000458e-01
5.667265700000000406e-01
5.696529700000000362e-01
5.599277599999999966e-01
5.566481899999999872e-01
5.597743400000000369e-01
5.626394200000000012e-01
5.650064300000000594e-01
5.702801299999999962e-01
5.736770600000000719e-01
5.622388099999999778e-01
5.584690600000000726e-01
5.599295499999999981e-01
5.599444500000000380e-01
5.616385299999999692e-01
5.644023999999999708e-01
5.676594400000000151e-01
5.567934500000000231e-01
5.546227099999999632e-01
5.566625000000000600e-01
5.557605600000000701e-01
5.550597299999999734e-01
5.563800899999999938e-01
5.585722300000000029e-01
5.480970699999999640e-01
5.511999699999999835e-01
5.521354099999999931e-01
5.527448700000000548e-01
5.522737500000000077e-01
5.520242499999999941e-01
5.549000499999999780e-01
5.430785399999999985e-01
5.440152900000000402e-01
5.484361100000000322e-01
5.486100900000000502e-01
5.517140000000000377e-01
5.567060700000000528e-01
5.599554199999999815e-01
5.488938700000000059e-01
5.533050299999999755e-01
5.628168000000000060e-01
5.668996600000000274e-01
5.691935999999999662e-01
5.722264099999999631e-01
5.741782200000000724e-01
5.638232200000000693e-01
5.643153200000000647e-01
5.677464600000000639e-01
5.686332000000000608e-01
5.651125300000000573e-01
5.658528200000000341e-01
5.638281699999999619e-01
5.551375699999999691e-01
5.576544399999999735e-01
5.596954800000000230e-01
5.600569200000000691e-01
5.630334599999999856e-01
5.670236300000000007e-01
5.678054700000000343e-01
5.620341899999999891e-01
5.604911399999999988e-01
5.507385700000000384e-01
5.431000000000000272e-01
5.454430599999999796e-01
5.432295799999999897e-01
5.358718599999999777e-01
5.327041100000000640e-01
5.359749799999999897e-01
5.370394600000000240e-01
5.373935100000000187e-01
5.353137300000000431e-01
5.336889599999999900e-01
5.240252600000000482e-01
5.258015999999999801e-01
5.255071500000000340e-01
5.257766799999999963e-01
5.278852600000000228e-01
5.281560400000000488e-01
5.303176600000000240e-01
5.207841400000000620e-01
5.216815500000000494e-01
5.296316699999999988e-01
5.286564200000000158e-01
5.275216700000000536e-01
5.345088199999999956e-01
5.367498400000000336e-01
5.254638200000000259e-01
5.250189899999999632e-01
5.279816400000000298e-01
5.297068999999999805e-01
5.320693899999999754e-01
5.346763700000000119e-01
5.364346500000000129e-01
5.264772199999999680e-01
5.268353199999999958e-01
5.361641600000000007e-01
5.899286900000000333e-01
5.823122900000000657e-01
5.651896600000000381e-01
5.681611300000000142e-01
5.625557300000000316e-01
5.624369399999999963e-01
5.890837899999999960e-01
6.136270200000000230e-01
5.950915199999999849e-01
5.936015199999999936e-01
5.822942300000000238e-01
5.688775200000000254e-01
5.693346300000000637e-01
5.708624100000000423e-01
5.689325900000000713e-01
5.714126200000000377e-01
5.754896999999999929e-01
5.662800100000000558e-01
5.638306699999999783e-01
5.634233400000000502e-01
5.624318099999999765e-01
5.613073100000000037e-01
5.603066100000000382e-01
5.552097000000000282e-01
5.398904700000000112e-01
5.477865899999999622e-01
5.553744400000000248e-01
5.626877500000000420e-01
5.706617200000000389e-01
5.730833400000000522e-01
5.623691699999999738e-01
5.631124400000000474e-01
5.652593999999999674e-01
5.659763800000000566e-01
5.691935999999999662e-01
5.712510299999999930e-01
5.603601900000000358e-01
5.593030500000000238e-01
5.612214800000000503e-01
5.621985800000000033e-01
5.635058299999999853e-01
5.668181800000000603e-01
5.626863199999999621e-01
5.569587300000000685e-01
5.575578199999999818e-01
5.559823500000000696e-01
5.520625700000000302e-01
5.656943300000000230e-01
5.591149300000000100e-01
5.453607999999999789e-01
5.436036600000000441e-01
5.479522900000000085e-01
5.510650900000000352e-01
5.554162900000000347e-01
5.600389199999999956e-01
5.630043100000000633e-01
5.512595799999999713e-01
5.497981899999999644e-01
5.520669799999999849e-01
5.530993300000000001e-01
5.552088600000000262e-01
5.583078300000000604e-01
5.600742100000000168e-01
5.494996899999999851e-01
5.538811100000000653e-01
5.566555300000000095e-01
5.566905699999999957e-01
5.605438900000000446e-01
5.672958500000000459e-01
5.661252700000000138e-01
5.524467200000000577e-01
5.526885400000000059e-01
5.557472700000000154e-01
5.529899000000000342e-01
5.541020600000000629e-01
5.567702100000000431e-01
5.583409700000000475e-01
5.477148299999999859e-01
5.480139900000000619e-01
5.515106899999999701e-01
5.524660900000000208e-01
5.545940999999999788e-01
5.575578199999999818e-01
5.606408700000000689e-01
5.508015200000000444e-01
5.500519900000000462e-01
5.523295999999999761e-01
5.533031200000000371e-01
5.558934800000000509e-01
5.588351500000000582e-01
5.614598400000000433e-01
5.597848899999999794e-01
5.517275299999999660e-01
5.527899299999999849e-01
5.546820799999999663e-01
5.552692399999999973e-01
5.570130899999999885e-01
5.585213300000000380e-01
5.614798699999999920e-01
5.555990899999999622e-01
5.621825500000000586e-01
5.642440300000000075e-01
5.602697700000000003e-01
5.580475300000000694e-01
5.601621900000000043e-01
5.635128000000000359e-01
5.669438199999999872e-01
5.573229200000000549e-01
5.563604199999999667e-01
5.577468300000000268e-01
5.576118800000000597e-01
5.608773200000000125e-01
5.648687500000000306e-01
5.671955300000000033e-01
5.591533800000000332e-01
5.565414400000000539e-01
5.594968200000000058e-01
5.613078499999999416e-01
5.631264999999999743e-01
5.714147099999999924e-01
5.761415399999999520e-01
5.807691199999999165e-01
5.692981499999999473e-01
5.667005199999999299e-01
5.676332099999999992e-01
5.668299199999999871e-01
5.684691699999999681e-01
5.715734399999999882e-01
5.755543099999999024e-01
5.736307499999999671e-01
5.667328199999999150e-01
5.666947999999999430e-01
5.724977299999999270e-01
5.797709199999999674e-01
5.870649199999999901e-01
7.193518899999999938e-01
6.784440899999999441e-01
5.899082999999999410e-01
5.775856999999999797e-01
5.727285099999999129e-01
5.714065399999999073e-01
5.713463399999999526e-01
5.707883199999999047e-01
5.744762999999999398e-01
5.741863799999999962e-01
5.689470199999999700e-01
5.704881499999999717e-01
5.715788599999999109e-01
5.723773799999999357e-01
5.810147499999999132e-01
5.854586399999999191e-01
5.897615599999999070e-01
5.790802800000000028e-01
5.790638899999999145e-01
5.814598199999999606e-01
5.810557599999999212e-01
5.809454299999999849e-01
5.765924999999999523e-01
5.736344499999999069e-01
5.669655200000000006e-01
5.630956299999999581e-01
5.626097899999999985e-01
5.611912599999999696e-01
5.619738099999999070e-01
5.701056699999998978e-01
5.719060899999999226e-01
5.669896599999999509e-01
5.648093199999999481e-01
5.660737799999999709e-01
5.670960499999999627e-01
5.687840599999999247e-01
5.717177999999999427e-01
5.740669999999999940e-01
5.706677999999999473e-01
5.640140799999999732e-01
5.643789799999999746e-01
5.666692299999999127e-01
5.681716799999999568e-01
5.723901999999999601e-01
5.780468599999999402e-01
5.841397599999998969e-01
5.749239299999999719e-01
5.726821399999999507e-01
5.680791699999999667e-01
5.598674399999999940e-01
5.634627299999999117e-01
5.698246399999999934e-01
5.709159999999999791e-01
5.611886999999999848e-01
5.576982499999999510e-01
5.606773499999999633e-01
5.632089999999999597e-01
5.655812000000000062e-01
5.694792899999999714e-01
5.727542599999999595e-01
5.740778999999999188e-01
5.662342899999999180e-01
5.672225399999999418e-01
5.693851099999999166e-01
5.724180299999999111e-01
5.743742599999999143e-01
5.763262499999999289e-01
5.789331799999999362e-01
5.679080499999999976e-01
5.660739499999999369e-01
5.675211499999999187e-01
5.680872200000000039e-01
5.733619899999999880e-01
5.759959799999999630e-01
5.782464699999999569e-01
5.756493199999999089e-01
5.763453199999999388e-01
5.973190699999999520e-01
5.839829399999999504e-01
5.738548599999999666e-01
5.729396900000000015e-01
5.762231299999999168e-01
5.834866199999999559e-01
5.857612499999999001e-01
5.781854999999999078e-01
5.746052299999999669e-01
5.670934899999999779e-01
5.617351499999999609e-01
5.640498999999999929e-01
5.730665899999999313e-01
5.613259699999999519e-01
5.595097499999999169e-01
5.609012799999999466e-01
5.623041999999999208e-01
5.641372199999999948e-01
5.668791499999999983e-01
5.692676299999999134e-01
5.577211399999999486e-01
5.547060399999999003e-01
5.618289099999999037e-01
5.630959899999999907e-01
5.634217899999999224e-01
5.633650999999999520e-01
5.662403099999999689e-01
5.568723700000000054e-01
5.549703799999999854e-01
5.543302299999999239e-01
5.561696299999999704e-01
5.572760099999999328e-01
5.627427699999999477e-01
5.686038699999999002e-01
5.631570799999999766e-01
5.542304499999999301e-01
5.546903599999999379e-01
5.555765599999999971e-01
5.568042999999999187e-01
5.591802599999999845e-01
5.694603299999999590e-01
5.731218499999999327e-01
5.619258299999999595e-01
5.610030299999999581e-01
5.636319499999999927e-01
5.636753999999999376e-01
5.647275999999999962e-01
5.673216599999999499e-01
5.707858799999999677e-01
5.658812500000000023e-01
5.599043400000000004e-01
5.623718500000000065e-01
5.637952099999999911e-01
5.650252699999999129e-01
5.682201999999999531e-01
5.769371399999999594e-01
5.815511299999999162e-01
5.691997399999999541e-01
5.628842699999999644e-01
5.661851799999999546e-01
5.911361599999999106e-01
6.041362899999999092e-01
5.980366499999999474e-01
6.033542199999999411e-01
5.910578399999999455e-01
5.883085699999999196e-01
5.910025199999999757e-01
5.886509999999999243e-01
5.894880299999999407e-01
5.921488999999999780e-01
5.958416500000000005e-01
5.870119899999999280e-01
5.868713299999999133e-01
5.887066699999999875e-01
5.867641599999999791e-01
5.866154399999999880e-01
5.908996499999999985e-01
5.850484400000000029e-01
5.769577599999999862e-01
5.794390999999999847e-01
5.747225899999999221e-01
5.703293099999999782e-01
5.701979999999999826e-01
5.657136999999999860e-01
5.583529499999999590e-01
5.580627899999999197e-01
5.672034599999999926e-01
5.728799699999999051e-01
5.687246899999999217e-01
5.647277199999999331e-01
5.672414899999999038e-01
5.608548499999999049e-01
5.565895399999999382e-01
5.711158499999999805e-01
5.821879499999998986e-01
5.826308099999999435e-01
5.966967299999998975e-01
5.909916199999999398e-01
5.891646699999999459e-01
5.793337799999999094e-01
5.779670499999999267e-01
5.785489099999999718e-01
5.783169299999999513e-01
5.755585399999999519e-01
5.782184599999999897e-01
5.795242199999999233e-01
5.724818099999999799e-01
5.717077299999999696e-01
5.725795599999999874e-01
5.724265599999999177e-01
5.733877399999999236e-01
5.734501499999999918e-01
5.749319799999998981e-01
5.655680899999999678e-01
5.635194199999999931e-01
5.631285299999999605e-01
5.723257099999999875e-01
5.766745199999999683e-01
5.761416599999999999e-01
5.786580399999999846e-01
5.794849999999999168e-01
5.715039399999999326e-01
5.735927799999999133e-01
5.775747900000000046e-01
5.783106699999999156e-01
5.787836899999999618e-01
5.839547499999999669e-01
5.877373199999998965e-01
5.771969599999999812e-01
5.691369799999999035e-01
5.659788799999999620e-01
5.650504199999999422e-01
5.648308399999999452e-01
5.684511099999999262e-01
5.720519399999999255e-01
5.741675499999999710e-01
5.615298199999999573e-01
5.606842599999999344e-01
5.634415699999999472e-01
5.622845899999999730e-01
5.627575499999999398e-01
5.661826099999999196e-01
5.691889499999999158e-01
5.693144199999999877e-01
5.591530799999999690e-01
5.599685899999999883e-01
5.903045499999999279e-01
6.197999099999998984e-01
7.462935399999999220e-01
7.465315499999999327e-01
7.250205299999999964e-01
6.272787499999999961e-01
5.909260499999999805e-01
5.777870399999999185e-01
5.788766099999999026e-01
5.818526099999999923e-01
5.817356699999999270e-01
5.796055199999999852e-01
5.700363499999999695e-01
5.602952199999999827e-01
5.674956999999999363e-01
5.727176699999999565e-01
5.679054899999999018e-01
5.686876799999999177e-01
5.714754499999999959e-01
5.719965699999999265e-01
5.640681399999999401e-01
5.611962699999999415e-01
5.666601099999999391e-01
5.915833099999999733e-01
5.720297099999999135e-01
5.709701199999999144e-01
5.827007300000000001e-01
5.998225199999999147e-01
5.900857399999999142e-01
5.812854199999999416e-01
5.737175299999999201e-01
5.780650999999999984e-01
5.820001399999999991e-01
5.842739299999999414e-01
5.741921099999999223e-01
5.739138699999999371e-01
5.705783999999999301e-01
5.690866699999999057e-01
5.795151599999999181e-01
5.946762599999999566e-01
5.882042100000000051e-01
5.788949699999998977e-01
5.762296299999999372e-01
5.773230199999999090e-01
5.772244299999998995e-01
5.810316799999999393e-01
5.835471700000000039e-01
5.845796500000000062e-01
5.785490299999999086e-01
5.780540100000000070e-01
5.784605699999999517e-01
5.797648999999999164e-01
5.815463099999998997e-01
5.819852899999999885e-01
5.836509500000000017e-01
5.795795899999999223e-01
5.760826499999999184e-01
5.751548399999999450e-01
5.762320199999999559e-01
5.794257499999999617e-01
5.834222999999999493e-01
5.830153799999999720e-01
5.746917699999999352e-01
5.748892999999999365e-01
5.753414000000000028e-01
5.758705100000000021e-01
5.800297899999999895e-01
5.821777599999999886e-01
5.827044200000000007e-01
5.723844799999999733e-01
5.704231899999999689e-01
5.713538499999999409e-01
5.712684999999999569e-01
5.723507399999999690e-01
5.744134199999999524e-01
5.768080399999999663e-01
5.765407099999999563e-01
5.678681700000000054e-01
5.729160899999999890e-01
5.807437899999999820e-01
5.797667499999999974e-01
5.978529499999999386e-01
5.868897999999999060e-01
5.921979499999999730e-01
5.850782399999999717e-01
5.753948700000000027e-01
5.741767899999999925e-01
5.749524799999999880e-01
5.752013299999999552e-01
5.739211399999999408e-01
5.789650100000000021e-01
5.778999899999999190e-01
5.713869899999999280e-01
5.640678399999999870e-01
5.664176899999999737e-01
5.678818199999999816e-01
5.662605199999999339e-01
5.612125999999999504e-01
5.510590099999999047e-01
5.511872799999999462e-01
5.382513999999999355e-01
5.343146299999999016e-01
5.315383699999999267e-01
5.281854299999999558e-01
5.282522999999998969e-01
5.314550399999999897e-01
5.343100399999999306e-01
5.402762299999999129e-01
5.375190999999999164e-01
5.367392899999999800e-01
5.400668399999999369e-01
5.484069599999999989e-01
5.512594599999999234e-01
5.546698599999999590e-01
5.535825500000000066e-01
5.567951199999999767e-01
5.645868199999999337e-01
5.691484799999999566e-01
5.712516899999999787e-01
5.840393299999999677e-01
5.861199499999999452e-01
5.839983799999999281e-01
5.696853999999998974e-01
5.643231899999999746e-01
5.900363299999999978e-01
5.939277399999999263e-01
5.845392899999999337e-01
5.835660099999999684e-01
5.738752499999999479e-01
5.772429699999999109e-01
5.815809399999999352e-01
5.798837499999999201e-01
5.846703099999999154e-01
5.883846299999999641e-01
5.867834100000000053e-01
5.796642300000000025e-01
5.816840499999998970e-01
5.840783699999999579e-01
5.905261599999999111e-01
7.191473800000000027e-01
6.734716299999999878e-01
6.005936299999999894e-01
5.917453799999999875e-01
5.807139299999999338e-01
5.712393499999999236e-01
5.644814999999999694e-01
5.678600099999999706e-01
5.654194399999999954e-01
5.556510699999999137e-01
5.589888100000000026e-01
5.636246799999999890e-01
5.653464799999999846e-01
5.655166499999999541e-01
5.680560499999999235e-01
5.608906699999999246e-01
5.571489299999999867e-01
5.580823399999998990e-01
5.592232899999999285e-01
5.612825200000000070e-01
5.635341999999999851e-01
5.583137899999999210e-01
5.483486099999999031e-01
5.462935599999999559e-01
5.437437899999999491e-01
5.421109799999999090e-01
5.408348999999998963e-01
5.355032699999999757e-01
5.315185199999999943e-01
5.328843599999999459e-01
5.318754299999999269e-01
5.327799300000000127e-01
5.382621300000000053e-01
5.357343599999999650e-01
5.313118700000000194e-01
5.317373300000000080e-01
5.373604899999999684e-01
5.415371100000000437e-01
5.449986500000000289e-01
5.498688200000000359e-01
5.457512700000000105e-01
5.457833400000000612e-01
5.504591500000000082e-01
5.529172399999999765e-01
5.519471799999999817e-01
5.466938599999999759e-01
5.425941300000000078e-01
5.477902900000000130e-01
5.556876099999999985e-01
5.564630000000000409e-01
5.627044399999999724e-01
5.561718900000000021e-01
5.544015199999999810e-01
5.590010899999999783e-01
5.635537499999999644e-01
5.655743500000000035e-01
5.682298500000000363e-01
5.608348800000000356e-01
5.578231799999999740e-01
5.584865800000000657e-01
5.586912600000000229e-01
5.621920799999999829e-01
5.652040799999999976e-01
5.529564599999999830e-01
5.488889200000000024e-01
5.527102400000000193e-01
5.543351800000000384e-01
5.553399300000000371e-01
5.589460700000000726e-01
5.480771700000000024e-01
5.457256400000000118e-01
5.520811100000000415e-01
5.549576299999999796e-01
5.570759800000000261e-01
5.596492299999999975e-01
5.491554699999999789e-01
5.488898800000000522e-01
5.530341300000000127e-01
5.557636000000000243e-01
5.570703100000000685e-01
5.591825799999999846e-01
5.489932899999999671e-01
5.486248700000000422e-01
5.524699699999999769e-01
5.518217100000000208e-01
5.477081500000000602e-01
5.535460100000000327e-01
5.533676100000000098e-01
5.464546100000000628e-01
5.481005899999999986e-01
5.485075099999999759e-01
5.504128299999999641e-01
5.563365200000000010e-01
5.493877500000000635e-01
5.449303400000000686e-01
5.481588800000000150e-01
5.590986000000000011e-01
5.620471200000000112e-01
5.735330000000000705e-01
5.806873999999999647e-01
5.957122999999999724e-01
6.160557300000000236e-01
6.071593200000000579e-01
6.031838099999999869e-01
6.016293200000000230e-01
5.842912200000000000e-01
5.720776899999999721e-01
5.749617799999999779e-01
5.842154000000000513e-01
5.854261499999999785e-01
5.872547000000000184e-01
5.806371000000000171e-01
5.787277200000000565e-01
5.760576099999999977e-01
5.761280699999999921e-01
5.893603600000000275e-01
6.000976000000000088e-01
5.835623699999999969e-01
5.826321199999999756e-01
6.196141800000000144e-01
7.266660900000000423e-01
6.141409899999999977e-01
5.926161400000000690e-01
5.823709999999999720e-01
5.850600599999999929e-01
5.892726799999999932e-01
5.874094400000000604e-01
5.894902899999999724e-01
5.931043599999999971e-01
5.811427200000000015e-01
5.826339099999999771e-01
5.863704699999999770e-01
5.996033499999999794e-01
6.100385200000000285e-01
5.973648400000000080e-01
5.728913500000000214e-01
5.707296699999999667e-01
5.746886700000000125e-01
5.823276000000000563e-01
5.830138300000000662e-01
5.967929400000000495e-01
5.920248599999999861e-01
5.847966700000000184e-01
5.775615000000000610e-01
5.754367700000000418e-01
5.756080700000000272e-01
5.776277200000000667e-01
5.700839800000000457e-01
5.658211699999999844e-01
5.644221900000000458e-01
5.638852100000000256e-01
5.693723600000000218e-01
5.823821399999999926e-01
5.765224100000000407e-01
5.668075100000000699e-01
5.695075400000000343e-01
5.711049400000000054e-01
5.748836999999999975e-01
5.799202300000000365e-01
5.819444099999999676e-01
5.743486300000000266e-01
5.728834299999999713e-01
5.789374700000000651e-01
5.827541900000000608e-01
5.802041300000000401e-01
5.807122599999999801e-01
5.878089699999999862e-01
5.839652400000000521e-01
5.802099099999999954e-01
5.829094599999999904e-01
5.825882000000000005e-01
5.874591500000000410e-01
5.887329000000000034e-01
5.727879399999999954e-01
5.719444799999999773e-01
5.774734000000000256e-01
6.026387200000000721e-01
6.491755799999999743e-01
6.123837800000000442e-01
5.937713399999999808e-01
6.084628699999999890e-01
6.839177000000000728e-01
6.242740800000000645e-01
5.979291800000000601e-01
5.933201900000000251e-01
5.890265100000000587e-01
5.675654399999999766e-01
5.769248000000000154e-01
5.869106099999999993e-01
5.866818400000000100e-01
5.919542300000000257e-01
5.935912700000000042e-01
5.925097500000000572e-01
5.816996100000000336e-01
5.806495500000000698e-01
5.780503700000000356e-01
5.724116000000000204e-01
5.709390600000000537e-01
5.740976300000000254e-01
5.670886600000000222e-01
5.632458300000000584e-01
5.657340299999999989e-01
5.655936599999999981e-01
5.665283199999999741e-01
5.674728800000000684e-01
5.729911300000000152e-01
5.623965300000000056e-01
5.627931999999999935e-01
5.755925800000000203e-01
5.780201600000000051e-01
5.794241399999999764e-01
5.847429600000000338e-01
5.775223400000000229e-01
5.755635500000000349e-01
5.804489299999999741e-01
5.838351200000000407e-01
5.866050099999999823e-01
5.897520200000000434e-01
5.808489900000000095e-01
5.725186500000000178e-01
5.721878999999999715e-01
5.676583600000000285e-01
5.656031400000000042e-01
5.722409499999999705e-01
5.720930699999999813e-01
5.618993600000000699e-01
5.581544000000000505e-01
5.675552500000000666e-01
5.650883899999999960e-01
5.660364599999999635e-01
5.687759500000000301e-01
5.563185800000000070e-01
5.926944600000000341e-01
5.815135200000000060e-01
5.740110299999999777e-01
5.710877199999999654e-01
5.749278100000000391e-01
5.753939200000000032e-01
5.844993600000000233e-01
5.839732899999999782e-01
5.743285999999999669e-01
5.707679399999999736e-01
5.738900300000000509e-01
5.729685399999999706e-01
5.769390500000000088e-01
5.864512299999999900e-01
5.830200300000000224e-01
5.773764799999999697e-01
5.800790799999999692e-01
5.959731300000000731e-01
5.892740499999999937e-01
5.786364700000000694e-01
5.750798599999999983e-01
5.874289900000000397e-01
5.945434600000000236e-01
5.927069200000000260e-01
5.881146200000000324e-01
6.151212500000000638e-01
5.916577600000000325e-01
5.948421999999999876e-01
5.999849999999999905e-01
6.045733100000000304e-01
7.056424599999999714e-01
6.326867900000000544e-01
5.886504700000000367e-01
5.819052500000000405e-01
5.888030499999999945e-01
5.909894100000000483e-01
5.912345599999999646e-01
5.867548000000000208e-01
5.936778200000000227e-01
6.111468100000000403e-01
6.256876599999999788e-01
6.160702100000000625e-01
6.109365199999999829e-01
6.100096099999999799e-01
5.945119300000000218e-01
5.939412699999999656e-01
5.941323000000000576e-01
5.904861100000000640e-01
5.944439799999999829e-01
5.985739800000000610e-01
5.904653699999999894e-01
5.877140200000000592e-01
5.898406499999999664e-01
5.951545799999999886e-01
5.961661900000000402e-01
5.967590200000000289e-01
6.004690500000000597e-01
5.929061199999999809e-01
5.958533300000000699e-01
6.570759400000000250e-01
6.679934299999999991e-01
6.916781699999999811e-01
6.582417500000000699e-01
6.084464200000000433e-01
5.855570399999999731e-01
5.783311100000000371e-01
5.743696700000000543e-01
5.676052600000000004e-01
5.744732599999999856e-01
5.743926200000000204e-01
5.745195200000000613e-01
5.621394499999999850e-01
5.631700800000000173e-01
5.684141500000000624e-01
5.681579100000000437e-01
5.857261999999999746e-01
5.893205999999999722e-01
5.932339400000000706e-01
5.761910700000000274e-01
5.758022700000000604e-01
5.749592800000000725e-01
5.746009899999999782e-01
5.863731500000000096e-01
5.990486099999999814e-01
6.051123099999999866e-01
5.892497300000000271e-01
5.774472999999999967e-01
5.714645999999999892e-01
5.733924500000000535e-01
5.755452500000000082e-01
5.809401899999999674e-01
5.845581300000000091e-01
5.779839199999999844e-01
5.760155300000000533e-01
5.764024300000000212e-01
5.782405099999999853e-01
5.770413300000000190e-01
5.799680900000000472e-01
5.832094600000000684e-01
5.835470600000000063e-01
5.834683800000000087e-01
6.111481200000000724e-01
6.121678400000000186e-01
6.696828599999999909e-01
6.713942299999999808e-01
6.641671100000000605e-01
6.567171800000000115e-01
6.253527400000000736e-01
6.234548100000000259e-01
6.228966100000000727e-01
6.238847400000000487e-01
6.202641100000000351e-01
6.072743499999999628e-01
6.012763399999999647e-01
6.095527400000000373e-01
6.003781599999999941e-01
5.993349000000000038e-01
5.943903299999999668e-01
5.949959200000000115e-01
6.127764599999999673e-01
6.149939300000000220e-01
6.168862600000000196e-01
6.061143300000000345e-01
6.026259700000000663e-01
6.028357699999999930e-01
6.008927800000000152e-01
6.010306499999999996e-01
6.021003099999999719e-01
6.038634800000000080e-01
5.967117499999999852e-01
5.958930300000000457e-01
5.954749000000000292e-01
5.947397400000000722e-01
5.947206000000000437e-01
5.997110600000000735e-01
6.089592000000000338e-01
6.107953200000000304e-01
6.020120399999999705e-01
5.959509000000000611e-01
5.927469100000000157e-01
5.936055799999999660e-01
5.948766500000000068e-01
5.979852700000000132e-01
6.044831299999999796e-01
5.927923900000000579e-01
5.908886199999999755e-01
5.961622600000000549e-01
5.956480499999999845e-01
5.980634700000000414e-01
5.959681900000000088e-01
5.930431499999999634e-01
5.944233500000000170e-01
5.844392800000000054e-01
5.869361800000000295e-01
5.919015400000000593e-01
5.935103900000000543e-01
5.959079299999999746e-01
5.961501599999999845e-01
5.962484500000000409e-01
5.908827800000000519e-01
5.800212000000000145e-01
5.798057300000000192e-01
5.813522300000000254e-01
5.813082499999999708e-01
5.842459800000000536e-01
5.930042300000000211e-01
5.973114999999999952e-01
5.882707200000000247e-01
5.837591899999999834e-01
5.842796000000000101e-01
5.856488300000000091e-01
5.883135200000000342e-01
5.930752200000000141e-01
5.986670299999999889e-01
6.004441999999999835e-01
5.883299100000000115e-01
5.891933400000000098e-01
5.902997899999999909e-01
5.876036900000000118e-01
5.869098900000000452e-01
5.883201399999999914e-01
5.910176000000000318e-01
5.786130400000000229e-01
5.698977699999999702e-01
5.691388800000000137e-01
5.690279599999999993e-01
5.686100699999999675e-01
5.725385499999999794e-01
5.760573100000000446e-01
5.762547300000000483e-01
5.705027000000000292e-01
5.659744100000000389e-01
5.705092000000000496e-01
5.724709000000000048e-01
5.755523399999999956e-01
5.790339100000000405e-01
5.818301399999999957e-01
5.693610300000000457e-01
5.694518100000000027e-01
5.709406100000000706e-01
5.706110600000000588e-01
5.724928999999999713e-01
5.810220799999999963e-01
5.931271300000000579e-01
5.776895300000000066e-01
5.783631799999999767e-01
5.869328999999999796e-01
5.881993800000000494e-01
5.921167099999999905e-01
5.966977500000000267e-01
5.983172100000000437e-01
5.976820600000000150e-01
5.944249000000000338e-01
5.959150199999999620e-01
6.008050999999999808e-01
6.013947699999999674e-01
6.025637999999999828e-01
6.079564100000000026e-01
6.120231699999999497e-01
6.027336100000000307e-01
6.028523399999999866e-01
6.040065300000000414e-01
6.030502899999999888e-01
6.039491900000000246e-01
6.062151799999999646e-01
6.081544799999999418e-01
5.971525899999999831e-01
5.965816999999999926e-01
5.976412300000000233e-01
5.975772699999999382e-01
6.003335100000000146e-01
6.022836599999999985e-01
6.032927000000000151e-01
5.937917799999999913e-01
5.911651300000000386e-01
5.918503400000000303e-01
5.923721199999999465e-01
5.918247100000000316e-01
5.933850999999999987e-01
5.961785899999999527e-01
5.923607300000000020e-01
5.893568999999999614e-01
5.926080900000000318e-01
5.926238900000000420e-01
5.951800899999999395e-01
6.010068699999999708e-01
6.001046300000000278e-01
5.948125699999999849e-01
5.847610800000000442e-01
5.871474700000000047e-01
5.913792300000000335e-01
5.924149800000000354e-01
5.939608800000000244e-01
5.967672499999999713e-01
5.998293199999999992e-01
5.868195899999999465e-01
5.849787600000000420e-01
5.866780900000000409e-01
5.873299800000000292e-01
5.882299500000000014e-01
5.917714800000000164e-01
5.938164000000000220e-01
5.865891599999999428e-01
5.804849899999999785e-01
5.814052199999999448e-01
5.835432400000000186e-01
5.849185000000000079e-01
5.885697599999999419e-01
5.914444899999999894e-01
5.879565500000000222e-01
5.797202000000000188e-01
5.810326299999999389e-01
5.828379999999999672e-01
5.836161399999999499e-01
5.864545700000000084e-01
5.902619999999999534e-01
5.940769900000000270e-01
5.822412399999999932e-01
5.809047200000000410e-01
5.826266999999999419e-01
5.841631899999999433e-01
5.846633900000000050e-01
5.859327899999999811e-01
5.887328400000000350e-01
5.862765899999999863e-01
5.785964700000000294e-01
5.794060800000000455e-01
5.815525099999999670e-01
5.823201500000000363e-01
5.853120099999999937e-01
5.909448899999999449e-01
5.948464900000000055e-01
5.882642299999999436e-01
5.840746799999999572e-01
5.936319799999999480e-01
5.942024000000000195e-01
5.920893000000000406e-01
5.936867599999999801e-01
5.964540799999999976e-01
5.997590400000000210e-01
5.883585799999999644e-01
5.869979899999999695e-01
5.906546099999999688e-01
5.915743700000000160e-01
5.917785199999999746e-01
5.936719799999999880e-01
5.968916399999999456e-01
5.996823300000000412e-01
5.887022600000000327e-01
5.878399599999999392e-01
5.896605299999999605e-01
5.891728999999999994e-01
5.868533799999999800e-01
5.877107999999999777e-01
5.899436500000000416e-01
5.921853200000000150e-01
5.792856800000000250e-01
5.774244699999999675e-01
5.830553800000000120e-01
5.898064400000000429e-01
5.909655699999999401e-01
5.849131899999999717e-01
5.848918600000000412e-01
5.856630200000000341e-01
5.754652599999999785e-01
5.814246499999999873e-01
5.867870499999999767e-01
5.877238499999999366e-01
5.865446300000000113e-01
5.871483100000000066e-01
5.883153700000000041e-01
5.893313300000000421e-01
5.767297099999999510e-01
5.742257800000000190e-01
5.744251599999999902e-01
5.833734899999999390e-01
5.934317099999999456e-01
5.947048099999999726e-01
5.960608699999999649e-01
6.003566399999999970e-01
5.905092399999999353e-01
5.923303399999999552e-01
5.942110999999999921e-01
5.880399899999999569e-01
5.855894699999999453e-01
5.833165000000000155e-01
5.868653099999999734e-01
5.849844800000000289e-01
5.768252600000000063e-01
5.773141400000000312e-01
5.807285300000000206e-01
5.817587399999999409e-01
5.843439700000000459e-01
5.861048100000000316e-01
5.888642699999999675e-01
5.798146699999999765e-01
5.795057999999999598e-01
5.805723099999999803e-01
5.797753300000000332e-01
5.804330699999999954e-01
5.858213899999999974e-01
5.879997599999999824e-01
5.887158500000000405e-01
5.784668899999999558e-01
5.760975499999999583e-01
5.763307199999999630e-01
5.792451499999999864e-01
5.833265199999999595e-01
5.853589799999999732e-01
5.857171999999999379e-01
5.906870399999999410e-01
5.873403000000000374e-01
5.761077399999999793e-01
5.758474500000000385e-01
5.745686899999999930e-01
5.766994399999999521e-01
5.840955999999999371e-01
5.894879699999999723e-01
5.924338700000000291e-01
5.816909700000000294e-01
5.789343099999999520e-01
5.797974499999999365e-01
5.797481500000000176e-01
5.805673599999999768e-01
5.823839899999999625e-01
5.850419399999999825e-01
5.819350500000000093e-01
5.764910599999999441e-01
5.779498199999999475e-01
5.812048899999999740e-01
5.823926299999999667e-01
5.869259799999999583e-01
5.912366500000000302e-01
5.920759999999999357e-01
5.805177099999999646e-01
5.891318899999999914e-01
6.177313899999999913e-01
5.918199400000000443e-01
5.845215900000000353e-01
5.809532400000000374e-01
5.830859499999999640e-01
5.886192299999999378e-01
5.875257299999999683e-01
5.842599299999999829e-01
5.869204399999999877e-01
5.900018200000000101e-01
5.932558199999999893e-01
5.957728599999999597e-01
5.933386699999999569e-01
5.835498000000000074e-01
5.821849099999999444e-01
5.822554199999999680e-01
5.809620599999999468e-01
5.815116200000000068e-01
5.838947899999999969e-01
5.865419499999999786e-01
5.799812100000000248e-01
5.752286899999999870e-01
5.767096299999999731e-01
5.791077599999999714e-01
5.838025799999999599e-01
5.877616399999999741e-01
5.885096199999999556e-01
5.879253100000000343e-01
5.804163199999999856e-01
5.780261799999999450e-01
5.724357999999999391e-01
5.785719799999999857e-01
5.752921100000000232e-01
5.777554499999999482e-01
5.840728899999999557e-01
5.874158699999999511e-01
5.869454100000000007e-01
5.857471800000000339e-01
5.810772199999999499e-01
5.789961200000000030e-01
5.787021500000000263e-01
5.860011600000000209e-01
5.913921599999999446e-01
5.917951499999999365e-01
5.831214200000000014e-01
5.815094100000000044e-01
5.827152100000000390e-01
5.817619600000000224e-01
5.829320500000000349e-01
5.854708600000000374e-01
5.880845199999999995e-01
5.891457199999999839e-01
5.784876300000000304e-01
5.782136300000000340e-01
5.795614099999999436e-01
5.795413900000000451e-01
5.819678299999999638e-01
5.846514099999999825e-01
5.875807400000000458e-01
5.801164500000000057e-01
5.760704899999999906e-01
5.769756400000000118e-01
5.781787600000000138e-01
5.788899699999999759e-01
5.814465899999999854e-01
5.844355799999999546e-01
5.874454399999999854e-01
5.758983500000000033e-01
5.748684400000000361e-01
5.764445700000000450e-01
5.773639699999999486e-01
5.787109699999999357e-01
5.817960500000000090e-01
5.851032699999999531e-01
5.883591200000000132e-01
5.769044799999999418e-01
5.766725499999999505e-01
5.788134299999999621e-01
5.792499799999999421e-01
5.806999200000000361e-01
5.832925399999999705e-01
5.859658100000000314e-01
5.860104000000000424e-01
5.758402299999999530e-01
5.773587799999999604e-01
7.584486599999999967e-01
7.899058500000000205e-01
7.455058700000000149e-01
7.355825900000000361e-01
7.252352199999999582e-01
7.395051099999999655e-01
7.196716699999999856e-01
7.108582900000000038e-01
7.182484900000000172e-01
7.299238399999999904e-01
7.298724699999999954e-01
7.268738700000000330e-01
7.310681900000000066e-01
7.221244599999999680e-01
6.855818599999999874e-01
6.335853299999999466e-01
6.138621600000000456e-01
6.092530499999999627e-01
6.119736999999999538e-01
6.086752399999999508e-01
5.854093999999999687e-01
5.778675100000000286e-01
5.837661600000000339e-01
5.818430199999999886e-01
5.851181100000000246e-01
5.873523400000000283e-01
5.922262099999999752e-01
5.833258000000000054e-01
5.796806199999999798e-01
5.803509999999999502e-01
5.813587900000000142e-01
5.832423599999999597e-01
5.847993499999999401e-01
5.832810400000000284e-01
5.745194599999999818e-01
5.763096199999999669e-01
5.786138199999999454e-01
5.798775000000000457e-01
5.830659299999999545e-01
5.864660699999999505e-01
5.901334900000000383e-01
5.794766500000000375e-01
5.796493900000000421e-01
5.814024199999999754e-01
5.814416999999999502e-01
5.808225299999999480e-01
5.936833000000000249e-01
5.927339200000000252e-01
5.773580099999999771e-01
5.706499800000000011e-01
5.660362199999999788e-01
5.687700500000000270e-01
5.633332100000000286e-01
5.633497199999999427e-01
5.663366300000000075e-01
5.586450099999999974e-01
5.581663799999999620e-01
5.584515899999999977e-01
5.565170600000000078e-01
5.648686899999999511e-01
5.865494599999999670e-01
5.880925700000000367e-01
5.607482200000000194e-01
5.646697899999999493e-01
5.642578600000000000e-01
5.660994599999999988e-01
5.671530399999999972e-01
5.720235700000000367e-01
5.772099499999999717e-01
5.717310300000000289e-01
5.652375199999999378e-01
5.655679700000000310e-01
5.595372299999999965e-01
5.580814499999999789e-01
5.644136699999999784e-01
5.712338099999999530e-01
5.682447600000000154e-01
5.663268599999999875e-01
5.648104000000000458e-01
5.670541500000000346e-01
5.707493399999999939e-01
5.773080000000000434e-01
5.827957999999999750e-01
5.765793900000000249e-01
5.783982300000000132e-01
5.858292600000000183e-01
5.879197699999999527e-01
5.908601900000000073e-01
5.955324800000000307e-01
5.939467499999999678e-01
5.880862500000000326e-01
5.939644600000000274e-01
5.984056599999999504e-01
6.027484499999999912e-01
6.059320599999999946e-01
6.074826700000000024e-01
5.983177400000000423e-01
6.125944300000000231e-01
6.149898799999999888e-01
6.106205599999999789e-01
6.095998900000000331e-01
6.119470000000000187e-01
5.995187800000000289e-01
5.984396899999999686e-01
5.996480600000000383e-01
5.993313799999999691e-01
6.001158399999999560e-01
6.022792500000000437e-01
5.967862000000000444e-01
5.908467800000000159e-01
5.914335299999999851e-01
5.931215300000000079e-01
5.932146299999999650e-01
5.934822600000000392e-01
5.913821499999999398e-01
5.816744600000000043e-01
5.782325899999999352e-01
5.811791400000000385e-01
5.780593800000000115e-01
5.794388099999999708e-01
5.843356299999999948e-01
5.882863400000000187e-01
5.849672000000000205e-01
5.761733700000000180e-01
5.762736800000000104e-01
5.807687599999999950e-01
5.841330900000000215e-01
5.856540199999999974e-01
5.877319599999999422e-01
5.894009500000000346e-01
5.777084200000000003e-01
5.780230800000000224e-01
5.802990799999999671e-01
5.813016899999999820e-01
5.835377600000000164e-01
5.871417500000000178e-01
5.902780899999999775e-01
5.901287199999999400e-01
5.833268799999999921e-01
5.964858499999999841e-01
6.012825400000000320e-01
5.934351700000000118e-01
5.895154500000000519e-01
5.864914100000000463e-01
5.878582599999999658e-01
5.843422999999999812e-01
5.778271600000000063e-01
5.797982200000000308e-01
5.811868900000000115e-01
5.761869000000000574e-01
5.888553899999999786e-01
5.932028299999999588e-01
5.885793000000000275e-01
5.810110600000000236e-01
5.758374899999999519e-01
5.730268400000000373e-01
5.727000199999999763e-01
5.710873600000000438e-01
5.715674200000000482e-01
5.788153999999999799e-01
5.867627300000000101e-01
5.770555099999999937e-01
5.698798900000000556e-01
5.712550899999999654e-01
5.749586800000000553e-01
5.785293000000000241e-01
5.827322000000000335e-01
5.858855200000000485e-01
5.885268999999999640e-01
5.792097400000000285e-01
5.799769799999999753e-01
5.826593599999999595e-01
5.825240000000000418e-01
5.841952599999999940e-01
5.864457499999999879e-01
5.840761700000000056e-01
5.924547300000000405e-01
5.945615800000000339e-01
5.956542500000000517e-01
5.903665399999999952e-01
5.835820999999999925e-01
5.826275899999999730e-01
5.829560799999999876e-01
5.840318199999999793e-01
5.794074500000000461e-01
5.767006300000000474e-01
5.775786000000000531e-01
5.771334200000000081e-01
5.817081299999999899e-01
5.846579699999999713e-01
5.841864300000000343e-01
5.772036299999999676e-01
5.804904100000000122e-01
5.806501499999999760e-01
5.833838000000000079e-01
5.805187200000000436e-01
5.782475500000000546e-01
5.711547099999999544e-01
5.703732999999999720e-01
5.739695400000000003e-01
5.752903200000000217e-01
5.783587700000000220e-01
5.818442700000000523e-01
5.823549599999999771e-01
5.721945200000000398e-01
5.719749299999999925e-01
5.734349499999999988e-01
5.748320799999999675e-01
5.817446099999999953e-01
5.827155099999999921e-01
5.813075300000000167e-01
5.769631299999999907e-01
5.708978799999999687e-01
5.691823400000000088e-01
5.705556899999999487e-01
5.728813400000000167e-01
5.703000400000000081e-01
5.787902499999999506e-01
5.838283300000000065e-01
5.824735199999999669e-01
5.845191499999999873e-01
5.841624100000000208e-01
5.840225799999999579e-01
5.854613800000000312e-01
5.780467999999999718e-01
5.753661399999999704e-01
5.764553000000000038e-01
5.780768400000000362e-01
5.788330999999999893e-01
5.813313100000000455e-01
5.842136100000000498e-01
5.873534700000000441e-01
5.780308800000000247e-01
5.764591100000000523e-01
5.770530099999999774e-01
5.770180799999999888e-01
5.783920900000000254e-01
5.808344500000000021e-01
5.833638300000000276e-01
5.858030300000000024e-01
5.797409399999999824e-01
5.748878099999999991e-01
5.755811899999999648e-01
5.763108700000000306e-01
5.772389799999999571e-01
5.796906899999999530e-01
5.830861899999999487e-01
5.858911900000000061e-01
5.862453600000000487e-01
5.739514199999999899e-01
5.750804499999999653e-01
5.782798500000000397e-01
5.765761099999999750e-01
5.777236199999999933e-01
5.806555199999999806e-01
5.829601300000000208e-01
5.855773699999999860e-01
5.750218599999999958e-01
5.729181800000000546e-01
5.683720700000000070e-01
5.722301600000000432e-01
5.760642299999999549e-01
5.798038800000000492e-01
5.830429200000000201e-01
5.841280800000000495e-01
5.731802000000000286e-01
5.731576699999999525e-01
5.745165300000000252e-01
5.747230599999999523e-01
5.767750700000000563e-01
5.802519900000000508e-01
5.858069099999999585e-01
5.862176399999999843e-01
5.778928399999999632e-01
5.743300300000000469e-01
5.743411800000000067e-01
5.741977700000000517e-01
5.771357400000000082e-01
5.810585600000000017e-01
5.845503800000000361e-01
5.737072800000000417e-01
5.735451000000000299e-01
5.755653400000000364e-01
5.762709999999999777e-01
5.780848299999999940e-01
5.805449499999999485e-01
5.816602699999999793e-01
5.712181299999999906e-01
5.707041000000000475e-01
5.742795499999999720e-01
5.763643999999999989e-01
5.732513099999999584e-01
5.742051599999999922e-01
5.808383200000000190e-01
5.822240100000000140e-01
5.936589800000000583e-01
5.932701799999999803e-01
5.880967999999999751e-01
5.914970600000000189e-01
5.924244499999999913e-01
5.895329099999999656e-01
5.843927899999999953e-01
5.842938399999999532e-01
5.851309300000000491e-01
5.842565299999999961e-01
5.866505499999999929e-01
5.931988400000000050e-01
5.894288399999999539e-01
5.842517000000000404e-01
5.864555200000000079e-01
5.880995399999999762e-01
5.890853400000000129e-01
5.919258600000000259e-01
5.945915600000000190e-01
5.861342000000000496e-01
5.848023900000000053e-01
5.866184800000000532e-01
5.867015100000000372e-01
5.885024699999999998e-01
5.907633300000000309e-01
5.934994799999999682e-01
5.822005900000000178e-01
5.817692899999999945e-01
5.835701800000000494e-01
5.836242999999999848e-01
5.857514099999999724e-01
5.885664800000000030e-01
5.913335699999999751e-01
5.813083599999999684e-01
5.794732599999999900e-01
5.805535299999999843e-01
5.811091699999999527e-01
5.825367599999999868e-01
5.820799500000000126e-01
5.762340400000000029e-01
5.789746599999999743e-01
5.682930400000000271e-01
5.690482900000000122e-01
5.685442099999999943e-01
5.662303600000000436e-01
5.666819800000000296e-01
5.729051200000000454e-01
5.748273099999999802e-01
5.754483299999999524e-01
5.663151699999999789e-01
5.690509700000000448e-01
5.701538900000000520e-01
5.667277600000000248e-01
5.686011899999999786e-01
5.741053799999999985e-01
5.789583900000000449e-01
5.756430599999999842e-01
5.676921000000000328e-01
5.681516500000000081e-01
5.693060800000000476e-01
5.705377499999999547e-01
5.743446899999999911e-01
5.784033499999999828e-01
5.821262000000000381e-01
5.728383700000000411e-01
5.702685699999999747e-01
5.724176800000000398e-01
5.726922199999999741e-01
5.782087399999999988e-01
5.951636999999999622e-01
6.024659900000000068e-01
6.087333000000000327e-01
5.972369899999999676e-01
5.788707699999999789e-01
5.732671000000000294e-01
5.772646099999999558e-01
5.958569000000000226e-01
6.026295400000000191e-01
6.000900900000000204e-01
5.808996600000000399e-01
5.752542000000000488e-01
5.731457500000000094e-01
5.725913599999999937e-01
5.753432499999999727e-01
5.782347899999999985e-01
5.851237799999999822e-01
5.775442100000000023e-01
5.716561700000000190e-01
5.732585799999999621e-01
5.745125399999999605e-01
5.752786399999999523e-01
5.788763199999999998e-01
5.804238900000000534e-01
5.781702400000000575e-01
5.710303799999999486e-01
5.720129000000000463e-01
5.743719299999999750e-01
5.770003799999999794e-01
5.811536299999999766e-01
5.836671599999999627e-01
5.860792999999999697e-01
5.807841400000000043e-01
5.900225599999999737e-01
6.109774100000000541e-01
6.442292299999999861e-01
7.523951500000000125e-01
6.811454900000000201e-01
6.356173800000000096e-01
6.271824200000000182e-01
6.091544599999999532e-01
6.146224099999999524e-01
6.152636400000000005e-01
6.139208699999999519e-01
6.167531600000000225e-01
6.137332300000000185e-01
6.349070700000000178e-01
6.252994499999999789e-01
6.131852300000000255e-01
6.079735200000000450e-01
6.088324800000000092e-01
6.142469000000000401e-01
6.139960300000000260e-01
6.150118700000000160e-01
6.087925400000000487e-01
6.040073599999999931e-01
6.045117399999999641e-01
6.048972000000000238e-01
6.033709000000000433e-01
6.037744299999999731e-01
6.031596700000000366e-01
6.075286300000000139e-01
5.972231000000000067e-01
5.928573000000000315e-01
5.949755300000000302e-01
5.951990499999999518e-01
6.045188900000000309e-01
6.097720899999999888e-01
6.110102499999999770e-01
6.020097699999999996e-01
5.970222899999999555e-01
5.986664900000000511e-01
5.995968600000000093e-01
5.983551099999999678e-01
5.983422400000000252e-01
6.002359400000000234e-01
5.982428199999999530e-01
5.934401799999999838e-01
5.945560899999999815e-01
5.937314000000000203e-01
5.947758600000000451e-01
5.976155400000000562e-01
6.006217600000000045e-01
5.933435599999999921e-01
5.897368800000000189e-01
5.914822800000000269e-01
5.910897899999999483e-01
5.934500099999999723e-01
5.980411799999999500e-01
6.031094200000000072e-01
5.965865900000000277e-01
5.992007900000000387e-01
6.034090500000000024e-01
6.053153300000000403e-01
6.078211100000000533e-01
6.104611199999999682e-01
6.109683500000000489e-01
6.018415700000000479e-01
6.019022499999999720e-01
6.062968399999999480e-01
6.073833100000000096e-01
6.051849099999999648e-01
6.064613500000000101e-01
5.984711099999999728e-01
5.849004399999999659e-01
5.784967500000000040e-01
5.821832399999999907e-01
5.866022699999999812e-01
5.869708700000000334e-01
5.860496200000000488e-01
5.869523899999999905e-01
5.783382700000000431e-01
5.780661700000000458e-01
5.824173700000000453e-01
5.833234800000000053e-01
5.988003600000000315e-01
6.044326399999999655e-01
5.992914400000000086e-01
6.016105999999999954e-01
5.912420200000000348e-01
5.853260799999999708e-01
5.828313200000000416e-01
5.785577899999999607e-01
5.791463300000000425e-01
5.757337200000000044e-01
5.754122099999999795e-01
5.794773699999999916e-01
5.754848700000000372e-01
5.808100099999999877e-01
5.910111700000000301e-01
5.929432500000000328e-01
5.920948999999999796e-01
5.986137400000000053e-01
6.122246999999999550e-01
6.229244499999999629e-01
6.172764899999999555e-01
6.038409500000000429e-01
6.036910399999999566e-01
6.019765099999999647e-01
5.976700200000000240e-01
5.927233100000000032e-01
5.920637199999999600e-01
5.929091600000000462e-01
5.811694299999999869e-01
5.776206299999999683e-01
5.777357800000000321e-01
5.879993999999999499e-01
5.967942499999999706e-01
5.993688099999999741e-01
6.002988200000000107e-01
5.960856100000000435e-01
5.904564900000000005e-01
5.951844499999999760e-01
5.977249700000000221e-01
5.970554399999999928e-01
5.996660600000000008e-01
6.027448199999999590e-01
6.113605500000000026e-01
5.965520100000000214e-01
5.951455799999999519e-01
5.971705900000000566e-01
5.992774400000000501e-01
6.003479999999999928e-01
6.009430300000000447e-01
6.019821800000000334e-01
5.950732800000000378e-01
6.016696099999999658e-01
5.981779099999999794e-01
5.937914800000000382e-01
5.870739799999999953e-01
5.891028600000000059e-01
5.963054899999999936e-01
5.977212200000000530e-01
5.845125899999999985e-01
5.891223500000000168e-01
6.036514600000000286e-01
6.048008200000000167e-01
5.967746999999999913e-01
5.936867599999999801e-01
5.981980599999999759e-01
5.916503100000000126e-01
5.884907799999999911e-01
5.917751199999999878e-01
5.865398000000000556e-01
5.811443899999999552e-01
5.787665199999999510e-01
5.807251300000000338e-01
5.812465500000000285e-01
5.837634800000000013e-01
5.854671000000000181e-01
5.827386399999999744e-01
5.874499699999999880e-01
5.918440199999999152e-01
5.956723099999999826e-01
5.835975999999999386e-01
5.784081199999999701e-01
5.833336099999999469e-01
5.916009500000000143e-01
5.918649999999999745e-01
5.958605399999999941e-01
5.946299999999999919e-01
5.793402799999999297e-01
5.794034000000000129e-01
5.830027500000000140e-01
5.847019599999999651e-01
5.876011299999999160e-01
5.894049999999999567e-01
5.799625499999999656e-01
5.803006899999999524e-01
5.831789399999999235e-01
5.813594499999999998e-01
5.801241400000000104e-01
5.806418099999999249e-01
5.727756599999999088e-01
5.717418799999999246e-01
5.749036699999999778e-01
5.741211800000000087e-01
5.757416499999999937e-01
5.766289799999999577e-01
5.770688699999999560e-01
5.671713899999999420e-01
5.657885099999999667e-01
5.704189499999999802e-01
5.719794599999999951e-01
5.747317100000000067e-01
5.787675399999999692e-01
5.823787499999999451e-01
5.750627499999999559e-01
5.732351499999999156e-01
5.740114499999999786e-01
5.736939899999999870e-01
5.752649899999999761e-01
5.769522799999999840e-01
5.795192699999999197e-01
5.819004199999999738e-01
5.745826399999999223e-01
5.717565399999999798e-01
5.720853799999999767e-01
5.712829199999999163e-01
5.724970699999999413e-01
5.724411600000000044e-01
5.780796999999999741e-01
5.821582100000000093e-01
5.794383300000000014e-01
5.709440699999999147e-01
5.793277000000000010e-01
5.763304799999999783e-01
5.735638699999999757e-01
5.736002900000000126e-01
5.719340399999999214e-01
5.741834000000000104e-01
5.769157999999999786e-01
5.670747800000000005e-01
5.701729700000000012e-01
5.742463499999999055e-01
5.771883099999999267e-01
5.811542299999999939e-01
5.856245799999999502e-01
5.899749399999999477e-01
5.907368100000000011e-01
5.806809699999999630e-01
5.826101299999999483e-01
5.849058599999999997e-01
5.855525699999999389e-01
5.886740099999999698e-01
5.925375800000000082e-01
5.971530699999999525e-01
5.931332699999999347e-01
5.848263499999999393e-01
5.879062399999999133e-01
5.952684899999999280e-01
6.066443299999999539e-01
6.167476199999999409e-01
6.168757699999999344e-01
6.135919099999999071e-01
6.036387699999999912e-01
6.007789399999999835e-01
6.048567899999999220e-01
6.003130099999999247e-01
5.967206399999999133e-01
6.088120899999999169e-01
6.131748599999999882e-01
5.975229699999999866e-01
5.908119099999999957e-01
5.890371199999999696e-01
5.948558999999999930e-01
5.918976699999999314e-01
5.936824699999999622e-01
6.012311599999999867e-01
5.877067999999999737e-01
5.828611299999999495e-01
5.859688499999999856e-01
5.816744600000000043e-01
5.814199999999999369e-01
5.819725999999999511e-01
5.836939799999999456e-01
5.705217699999999281e-01
5.633919199999999350e-01
5.624209000000000014e-01
5.615691499999999614e-01
5.629254599999999886e-01
5.634721499999999494e-01
5.600329599999999131e-01
5.503317099999999185e-01
5.488709199999999289e-01
5.494596999999999953e-01
5.486704099999999418e-01
5.477494599999999103e-01
5.494643399999999955e-01
5.528276599999999430e-01
5.580757299999999921e-01
5.666984299999999752e-01
5.788879999999999582e-01
5.846558799999999056e-01
5.856260699999999986e-01
5.885637400000000019e-01
5.917132499999999684e-01
5.921021699999999832e-01
5.838911499999999144e-01
5.861493299999999129e-01
5.883623399999999837e-01
5.962026099999999662e-01
6.054173099999999863e-01
6.029697099999999921e-01
5.976733599999999313e-01
6.102238899999999910e-01
6.497927900000000090e-01
6.460878799999999478e-01
6.490057099999999579e-01
6.506410799999999828e-01
6.537701499999999388e-01
6.382456399999999475e-01
6.220487399999999889e-01
6.220692399999999678e-01
6.186990699999999066e-01
6.206178099999999365e-01
6.167829599999999912e-01
6.130694700000000052e-01
6.289271100000000114e-01
6.182192599999999372e-01
6.272224799999999156e-01
6.384500300000000017e-01
6.474310799999999366e-01
6.437321299999999580e-01
6.182459599999999833e-01
6.101989700000000072e-01
6.093581299999999423e-01
6.067422599999999777e-01
6.027544699999999311e-01
6.020711099999999094e-01
6.040938499999999323e-01
6.036610599999999716e-01
6.052134599999999809e-01
6.034231199999999795e-01
5.905242599999999120e-01
5.905535199999999429e-01
5.868759199999999954e-01
5.628550599999999626e-01
5.539874999999999661e-01
5.454680299999999926e-01
5.319693699999999970e-01
5.165741999999999834e-01
5.143002299999999138e-01
5.098432299999999806e-01
5.070019999999999527e-01
5.080508599999999930e-01
5.200796699999999939e-01
5.626435899999999712e-01
5.704334999999999267e-01
5.794252799999999315e-01
5.915079699999999940e-01
6.011403799999999187e-01
6.057152199999999986e-01
6.035723699999999692e-01
6.200761799999999768e-01
6.236209899999999307e-01
6.159300799999999354e-01
6.237724399999999836e-01
6.228949400000000081e-01
6.209927199999999425e-01
6.263350799999999330e-01
6.337212299999999132e-01
6.388638599999999501e-01
6.175761199999999507e-01
6.209236999999999673e-01
6.251207599999999420e-01
6.237392999999999965e-01
6.203238399999999597e-01
6.221147799999999783e-01
6.185283699999999385e-01
6.123837799999999332e-01
6.125722499999999293e-01
6.141800899999999563e-01
6.150141999999999554e-01
6.178598999999999064e-01
6.207312899999999356e-01
6.232796899999999418e-01
6.129295200000000055e-01
6.141682299999999817e-01
6.193849399999999950e-01
6.244228499999999737e-01
6.718627199999999133e-01
6.328106499999999190e-01
6.268227699999999736e-01
6.346183399999999475e-01
6.306138599999999705e-01
6.406008599999999387e-01
6.578046699999999802e-01
6.568802599999999936e-01
6.487364799999999487e-01
6.474615899999999202e-01
6.503285799999999339e-01
6.293529299999999216e-01
6.283165800000000134e-01
6.375383699999999099e-01
6.766332999999999931e-01
6.319963299999999951e-01
6.328620899999999327e-01
6.474998599999999271e-01
6.424511699999999603e-01
6.250625799999999233e-01
6.068081300000000011e-01
6.000534899999999672e-01
5.979517099999999141e-01
5.972583299999999484e-01
6.010514499999999316e-01
5.961442000000000130e-01
5.808787300000000098e-01
5.817853199999999392e-01
5.899086599999999736e-01
5.875166099999999947e-01
5.876390899999999196e-01
5.793151899999999799e-01
5.803431299999999293e-01
5.789520099999999614e-01
5.831956299999999649e-01
5.880569799999999514e-01
5.922151799999999522e-01
5.942559199999999375e-01
6.022706599999999577e-01
6.085432199999999403e-01
6.068416199999999705e-01
6.123346100000000014e-01
6.160824899999999271e-01
6.196834399999999743e-01
6.211156199999999794e-01
6.226301799999999220e-01
6.146250999999999243e-01
6.060181900000000121e-01
6.136861999999999595e-01
6.147981899999999111e-01
6.114237299999999431e-01
6.082339900000000021e-01
6.116926099999999700e-01
5.938458999999999266e-01
5.872054099999999277e-01
5.940551799999999050e-01
6.035082299999999789e-01
6.063896999999999204e-01
6.094470599999999294e-01
6.058885499999999702e-01
5.997494499999999062e-01
6.017997299999999772e-01
6.027699099999999088e-01
5.985335699999999592e-01
6.006186599999999709e-01
6.021085999999999938e-01
5.930954800000000082e-01
5.973616800000000060e-01
6.030781899999999585e-01
6.028897199999999623e-01
6.072594499999999229e-01
6.129905599999999621e-01
6.014508599999999205e-01
6.041794999999999805e-01
6.089143200000000089e-01
6.078664099999999682e-01
6.084875499999999882e-01
6.118329200000000023e-01
6.040373399999999782e-01
5.977107299999999679e-01
5.969545199999999330e-01
5.989738699999999083e-01
5.977228900000000067e-01
6.012540499999999843e-01
6.029363899999999887e-01
5.935485400000000134e-01
5.965282899999999611e-01
5.972709099999999882e-01
5.993607599999999369e-01
6.068565200000000104e-01
6.110635399999999606e-01
6.002755199999999514e-01
6.024905399999999078e-01
6.048819399999999513e-01
6.042389899999999203e-01
6.059679399999999827e-01
6.075855499999999187e-01
5.950238700000000103e-01
5.924054999999999183e-01
5.909686100000000053e-01
5.968307299999999760e-01
5.985814299999999699e-01
5.967426899999999090e-01
5.949724899999999650e-01
5.851400499999999116e-01
5.805699199999999616e-01
5.803787699999999328e-01
5.809500199999999559e-01
5.791910899999999085e-01
5.834583599999999537e-01
5.801187799999999450e-01
5.748276099999999333e-01
5.732800999999999592e-01
5.786607299999999565e-01
5.794658699999999385e-01
5.818280000000000118e-01
5.862722999999999685e-01
5.766666499999999473e-01
5.757709099999999136e-01
5.762333899999999565e-01
5.743935699999999089e-01
5.863380999999999732e-01
6.066203099999999404e-01
6.161659399999999120e-01
6.060321899999999706e-01
6.005042800000000014e-01
5.973789699999999536e-01
6.037236499999999451e-01
6.156204299999999963e-01
6.158600999999999104e-01
6.191148199999999546e-01
6.118128899999999426e-01
6.054644000000000137e-01
5.980719299999999183e-01
5.993006199999999506e-01
6.012628099999999254e-01
6.034668099999999091e-01
6.045355199999999929e-01
5.997364499999999765e-01
6.077560199999999524e-01
6.086953899999999473e-01
6.051861599999999175e-01
6.050459099999999646e-01
6.086625499999999134e-01
6.081967899999999316e-01
5.975710199999999528e-01
5.953529499999999919e-01
5.909205100000000099e-01
5.972517099999999912e-01
6.035745099999999530e-01
6.134052899999999919e-01
6.142070299999999872e-01
5.988628899999999255e-01
6.020669300000000002e-01
6.073933200000000143e-01
6.073325899999999500e-01
6.468864099999999118e-01
7.229742999999999586e-01
6.281132099999999774e-01
6.091589299999999874e-01
6.082393499999999564e-01
6.084834899999999047e-01
6.126986099999999213e-01
6.148112399999999811e-01
6.212977199999999423e-01
6.332415899999999098e-01
6.468167899999999193e-01
6.282793899999999931e-01
6.262929999999999886e-01
6.249933799999999318e-01
6.249090399999999157e-01
6.259913400000000072e-01
6.298343499999999873e-01
6.229867900000000125e-01
6.184836599999999907e-01
6.197111599999999276e-01
6.210203199999999590e-01
6.355178999999999689e-01
7.195585399999999687e-01
7.195892299999999686e-01
6.624696899999999999e-01
6.336471399999999976e-01
6.317958799999999764e-01
6.237850199999999123e-01
6.193667099999999870e-01
6.207841599999999183e-01
6.217124499999999721e-01
6.104239799999999772e-01
6.067938800000000077e-01
6.076931399999999650e-01
6.067061400000000049e-01
6.072192799999999169e-01
6.113914799999999872e-01
6.185580499999999704e-01
6.165698199999999352e-01
6.133520000000000083e-01
6.110305199999999104e-01
6.125634299999999088e-01
6.230583199999999433e-01
6.286414299999999455e-01
6.298555699999999202e-01
6.125473999999999641e-01
6.055808699999999378e-01
6.060902499999999415e-01
6.059051799999999321e-01
6.067406499999999925e-01
6.202776999999999319e-01
6.309276200000000223e-01
6.184372299999999489e-01
5.945467899999999917e-01
5.971115799999999751e-01
5.975996900000000167e-01
5.978487700000000293e-01
6.034007700000000307e-01
6.103449499999999972e-01
6.108705999999999303e-01
6.070624000000000020e-01
6.068884700000000132e-01
6.087039699999999831e-01
6.064955599999999336e-01
6.125964499999999591e-01
6.173444999999999627e-01
6.190891899999999559e-01
6.082807799999999654e-01
6.067762999999999352e-01
6.087374099999999233e-01
6.087945699999999238e-01
6.091222800000000159e-01
6.124598399999999776e-01
6.167078599999999966e-01
6.111592099999999528e-01
6.153567399999999576e-01
6.176629099999999539e-01
6.146417299999999972e-01
6.150029900000000271e-01
6.178066100000000338e-01
6.201662399999999797e-01
6.176766200000000095e-01
6.089470999999999634e-01
6.087427100000000202e-01
6.103258699999999370e-01
6.107411999999999841e-01
6.130700700000000225e-01
6.158301800000000048e-01
6.188757400000000075e-01
6.132517499999999844e-01
6.138806299999999272e-01
6.179669500000000149e-01
6.212109900000000184e-01
6.206689499999999970e-01
6.242951799999999496e-01
6.248633900000000185e-01
6.317531499999999856e-01
6.280601599999999785e-01
6.203845099999999446e-01
6.202573200000000009e-01
6.213925499999999325e-01
6.205334700000000314e-01
6.193880999999999970e-01
6.186792300000000244e-01
6.188738299999999581e-01
6.047394899999999351e-01
6.445445399999999436e-01
6.819089699999999477e-01
6.366614099999999832e-01
6.265078199999999375e-01
6.228972099999999790e-01
6.261391600000000279e-01
6.314278799999999414e-01
6.158970000000000278e-01
6.178742600000000085e-01
6.308070999999999540e-01
6.338854999999999906e-01
6.329311100000000190e-01
6.308799999999999963e-01
6.268665799999999511e-01
6.198995699999999553e-01
6.171504300000000276e-01
6.129738700000000318e-01
6.136965199999999676e-01
6.147659999999999236e-01
6.172392399999999668e-01
6.194475299999999685e-01
6.152899299999999849e-01
6.088089899999999943e-01
6.173179699999999936e-01
6.225810099999999903e-01
6.229813100000000103e-01
6.264177599999999346e-01
6.298347100000000198e-01
6.341022299999999889e-01
6.341400099999999762e-01
6.346859900000000332e-01
6.335339500000000124e-01
6.309939599999999649e-01
6.282323599999999342e-01
6.289402800000000182e-01
6.302136799999999983e-01
6.199745500000000131e-01
6.181110100000000163e-01
6.184260799999999891e-01
6.168513899999999994e-01
6.172579499999999442e-01
6.313739400000000224e-01
6.464375299999999269e-01
6.258791099999999608e-01
6.248164800000000074e-01
6.260990499999999903e-01
6.213241800000000037e-01
6.211938900000000263e-01
6.216802599999999845e-01
6.229357100000000313e-01
6.133691700000000191e-01
6.134505299999999384e-01
6.128345099999999990e-01
6.118490100000000265e-01
6.125373800000000202e-01
6.123438500000000229e-01
6.146884599999999921e-01
6.131693099999999674e-01
6.112685799999999503e-01
6.097042599999999979e-01
6.107482300000000031e-01
6.115701199999999949e-01
6.142499399999999943e-01
6.179009699999999938e-01
6.213419999999999499e-01
6.127627500000000227e-01
6.112841999999999443e-01
6.156195999999999335e-01
6.203495299999999268e-01
6.180439599999999478e-01
6.189241399999999560e-01
6.215218299999999418e-01
6.227656599999999987e-01
6.119981399999999683e-01
6.111468700000000087e-01
6.118425699999999745e-01
6.106577499999999992e-01
6.113087499999999563e-01
6.133263099999999302e-01
6.162043200000000276e-01
6.180223200000000139e-01
6.056423199999999563e-01
6.042783899999999431e-01
6.047661300000000129e-01
6.057574700000000201e-01
6.136183100000000001e-01
6.212716699999999426e-01
6.243479299999999954e-01
6.273821600000000220e-01
6.157207499999999278e-01
6.135399299999999556e-01
6.109327099999999344e-01
6.090255999999999448e-01
6.136510399999999255e-01
6.182096599999999942e-01
6.218020300000000056e-01
6.172783399999999254e-01
6.120757500000000295e-01
6.125342200000000181e-01
6.144484900000000138e-01
6.153139499999999984e-01
6.175720099999999491e-01
6.204887000000000041e-01
6.167198400000000191e-01
6.118721400000000088e-01
6.124358799999999325e-01
6.139538300000000337e-01
6.148006299999999591e-01
6.172501400000000027e-01
6.197992599999999630e-01
6.169612399999999663e-01
6.096828599999999376e-01
6.091035599999999883e-01
6.087143999999999888e-01
6.142572199999999372e-01
6.175416699999999315e-01
6.151589800000000219e-01
6.148853300000000077e-01
6.043968800000000252e-01
6.044999399999999579e-01
6.062845000000000040e-01
6.064227799999999391e-01
6.127973799999999471e-01
6.172040100000000251e-01
6.204845299999999231e-01
6.104800699999999303e-01
6.100416800000000306e-01
6.119889600000000263e-01
6.120278799999999686e-01
6.142268800000000306e-01
6.169981999999999411e-01
6.200431599999999266e-01
6.109381899999999366e-01
6.107942499999999830e-01
6.129118199999999961e-01
6.132358900000000057e-01
6.176130799999999255e-01
6.255116499999999746e-01
7.848836799999999725e-01
7.722670400000000157e-01
6.789645599999999392e-01
6.566429099999999686e-01
6.628295199999999499e-01
6.728112699999999613e-01
6.447951199999999439e-01
6.552680699999999803e-01
6.675016299999999569e-01
6.578429299999999369e-01
6.493561300000000314e-01
6.414419399999999882e-01
6.376936399999999505e-01
6.369989499999999527e-01
6.398977599999999821e-01
6.380919199999999236e-01
6.281513599999999364e-01
6.271414199999999495e-01
6.288425300000000107e-01
6.284353699999999376e-01
6.287423399999999551e-01
6.306945099999999860e-01
6.335409899999999705e-01
6.232711699999999855e-01
6.222855999999999943e-01
6.232972700000000144e-01
6.222776799999999442e-01
6.232483399999999563e-01
6.247987699999999478e-01
6.270629799999999365e-01
6.330122900000000330e-01
6.364253199999999611e-01
6.322144899999999623e-01
6.247165199999999974e-01
6.217169799999999746e-01
6.212512900000000116e-01
6.239889299999999972e-01
6.235892199999999441e-01
6.231974999999999598e-01
6.270456899999999889e-01
6.256866500000000109e-01
6.233683199999999758e-01
6.254656299999999947e-01
6.288418199999999958e-01
6.305311299999999397e-01
6.203749199999999409e-01
6.209051599999999560e-01
6.220812799999999587e-01
6.209139799999999765e-01
6.277599299999999660e-01
6.290793399999999869e-01
6.254012599999999589e-01
6.168073399999999262e-01
6.159440299999999757e-01
6.121820199999999934e-01
6.083586799999999295e-01
6.085365400000000147e-01
6.083204700000000020e-01
6.077667500000000222e-01
6.008418199999999709e-01
6.012897499999999562e-01
6.012286500000000311e-01
5.988092999999999888e-01
6.002782599999999524e-01
5.997498599999999680e-01
5.957267299999999821e-01
5.930219899999999988e-01
5.932676199999999955e-01
5.934237199999999879e-01
5.925551700000000199e-01
5.937261600000000028e-01
5.971942499999999265e-01
5.929886100000000271e-01
5.912216900000000219e-01
5.916164499999999604e-01
5.912284300000000270e-01
5.915996399999999822e-01
5.938726100000000230e-01
5.961984999999999646e-01
5.909451799999999588e-01
5.894523299999999688e-01
5.908700799999999642e-01
5.914151699999999900e-01
5.929424199999999701e-01
5.950987300000000202e-01
5.973421300000000267e-01
5.921372799999999881e-01
5.896215999999999680e-01
5.898154999999999371e-01
5.904919499999999877e-01
5.914134999999999254e-01
5.933761599999999303e-01
5.948672299999999691e-01
5.910368599999999972e-01
6.257096500000000061e-01
6.534776099999999310e-01
6.477022199999999952e-01
6.408034000000000230e-01
6.276798199999999994e-01
6.233070499999999736e-01
6.239533400000000229e-01
6.192017799999999239e-01
6.126085500000000295e-01
6.121523999999999299e-01
6.139637799999999590e-01
6.140877000000000141e-01
6.152698399999999568e-01
6.132498399999999350e-01
6.041805700000000279e-01
5.980485700000000016e-01
5.946395999999999349e-01
5.990213799999999367e-01
6.028890599999999766e-01
6.045824899999999724e-01
6.077334300000000189e-01
6.120104199999999439e-01
6.157695699999999883e-01
6.132301700000000189e-01
6.167431500000000177e-01
6.227124899999999519e-01
6.409310099999999677e-01
6.297634199999999627e-01
6.336924999999999919e-01
6.291085499999999886e-01
6.182652699999999779e-01
6.149210899999999480e-01
6.191828299999999619e-01
6.180134400000000250e-01
6.162610699999999664e-01
6.179132499999999695e-01
6.201234500000000205e-01
6.067194900000000279e-01
6.097171299999999405e-01
6.075541399999999648e-01
6.044761499999999899e-01
6.089789899999999978e-01
6.163583999999999730e-01
6.162227999999999595e-01
6.040195200000000320e-01
6.019128000000000256e-01
6.053816100000000144e-01
6.076928400000000119e-01
6.069309699999999586e-01
6.116847399999999491e-01
6.044265599999999461e-01
5.936239399999999611e-01
5.937796800000000319e-01
5.961521899999999707e-01
5.931385200000000024e-01
5.895237300000000236e-01
5.894928600000000074e-01
5.843410500000000285e-01
5.799307200000000106e-01
5.779189499999999313e-01
5.768164999999999543e-01
5.797213900000000031e-01
5.822512499999999980e-01
5.860729199999999972e-01
5.799900900000000137e-01
5.819210400000000005e-01
5.859922800000000320e-01
5.880016099999999524e-01
5.897722199999999582e-01
5.911683999999999273e-01
5.864914099999999353e-01
5.856424599999999758e-01
5.949219500000000327e-01
6.009811800000000037e-01
6.089828600000000147e-01
6.161922799999999256e-01
6.158559299999999403e-01
6.117171000000000136e-01
6.128611600000000159e-01
6.147137299999999582e-01
6.151530699999999685e-01
6.170166699999999338e-01
6.181940400000000002e-01
6.081048799999999588e-01
6.066009399999999774e-01
6.102776500000000048e-01
6.097597499999999338e-01
6.099719399999999903e-01
6.103403600000000262e-01
6.014228499999999533e-01
5.999326099999999773e-01
5.974402999999999242e-01
5.915677000000000296e-01
5.957688700000000059e-01
6.024433999999999623e-01
6.024191999999999325e-01
5.958423600000000153e-01
5.958879000000000259e-01
5.973500600000000160e-01
5.931194399999999423e-01
5.940784199999999959e-01
6.038524499999999851e-01
5.964902599999999389e-01
5.941582300000000094e-01
5.956283199999999889e-01
5.952853599999999856e-01
5.942730899999999483e-01
5.900225000000000053e-01
5.969781299999999957e-01
5.902124599999999388e-01
5.912856499999999960e-01
5.947701300000000080e-01
5.967255799999999777e-01
5.987598899999999613e-01
6.029864499999999516e-01
6.016377800000000109e-01
5.896808499999999231e-01
5.859985399999999567e-01
5.980268100000000198e-01
5.983434300000000094e-01
5.978883499999999573e-01
5.972988599999999870e-01
6.025351899999999983e-01
5.907504000000000088e-01
5.894331899999999402e-01
5.925892600000000066e-01
5.917701699999999843e-01
5.938367799999999530e-01
5.924281500000000422e-01
5.958384899999999984e-01
5.853036000000000350e-01
6.145178099999999421e-01
6.605257999999999408e-01
6.442589199999999572e-01
6.341075899999999432e-01
6.294765500000000236e-01
6.232349900000000442e-01
6.152518999999999627e-01
6.197836999999999374e-01
6.239027400000000112e-01
6.284295300000000140e-01
6.345065199999999628e-01
6.533080300000000395e-01
7.125844399999999856e-01
6.799551799999999924e-01
6.625897299999999879e-01
6.579161300000000434e-01
6.577874400000000010e-01
6.603970500000000410e-01
6.552377299999999627e-01
6.484489999999999421e-01
6.529211400000000110e-01
6.466679600000000416e-01
6.453438999999999703e-01
6.489130899999999702e-01
7.096026500000000015e-01
7.509092699999999621e-01
6.732660499999999493e-01
6.549536599999999931e-01
6.456354300000000102e-01
6.363624300000000344e-01
6.384913300000000236e-01
6.385520700000000272e-01
6.310640600000000378e-01
6.329186599999999663e-01
6.347812400000000244e-01
6.443607199999999979e-01
6.806801599999999786e-01
6.715800800000000237e-01
6.551167999999999436e-01
6.475376499999999647e-01
6.442153499999999644e-01
6.400008200000000258e-01
6.370344199999999901e-01
6.554036100000000253e-01
6.769726900000000436e-01
6.538106799999999774e-01
6.452218299999999962e-01
6.395706500000000183e-01
6.455131199999999403e-01
6.813481999999999594e-01
6.787849099999999636e-01
6.626871199999999629e-01
6.522105299999999550e-01
6.523867199999999755e-01
6.499330399999999619e-01
6.469743799999999601e-01
6.466292700000000337e-01
6.494862999999999609e-01
6.379697899999999811e-01
6.386997700000000000e-01
6.865947799999999601e-01
7.217363100000000475e-01
6.515901100000000001e-01
6.451255700000000370e-01
6.384158699999999964e-01
6.297167500000000473e-01
6.333146699999999685e-01
6.309975399999999679e-01
6.301577699999999504e-01
6.388448500000000196e-01
6.557353099999999602e-01
6.371612500000000123e-01
6.278704999999999981e-01
6.357411099999999982e-01
6.374147500000000299e-01
6.269674299999999922e-01
6.297975199999999996e-01
6.336817700000000331e-01
6.235119099999999470e-01
6.183847799999999673e-01
6.190095500000000195e-01
6.194250000000000034e-01
6.210121499999999850e-01
6.291485999999999468e-01
6.375085699999999411e-01
6.262869199999999692e-01
6.193181300000000222e-01
6.213925500000000435e-01
6.218270700000000373e-01
6.237684500000000298e-01
6.236985299999999732e-01
6.249586299999999595e-01
6.164755199999999435e-01
6.084381899999999899e-01
6.069250699999999554e-01
6.117325999999999597e-01
6.152904000000000151e-01
6.192793800000000459e-01
6.259196399999999993e-01
6.153611500000000234e-01
6.151039000000000367e-01
6.186127099999999546e-01
6.172885299999999464e-01
6.185815300000000461e-01
6.217337800000000136e-01
6.266036000000000383e-01
6.160016099999999772e-01
6.146220599999999701e-01
6.163135800000000275e-01
6.163452299999999662e-01
6.180834800000000184e-01
6.218575199999999414e-01
6.255358500000000044e-01
6.294429299999999561e-01
6.349708400000000363e-01
6.346161399999999952e-01
6.332667499999999894e-01
6.330970499999999390e-01
6.276340499999999434e-01
6.259159399999999485e-01
6.184518900000000041e-01
6.140012099999999640e-01
6.146101400000000270e-01
6.164028000000000285e-01
6.164464400000000399e-01
6.188030199999999814e-01
6.214969200000000082e-01
6.212822799999999646e-01
6.040167199999999514e-01
6.112936100000000428e-01
6.523344500000000101e-01
6.328569099999999947e-01
6.324940900000000088e-01
6.289697300000000046e-01
6.216942699999999933e-01
6.245340699999999412e-01
6.477786300000000219e-01
6.352491999999999583e-01
6.285710899999999990e-01
6.354514999999999469e-01
6.398404199999999653e-01
6.492752999999999997e-01
6.524778599999999651e-01
6.492084900000000269e-01
6.433738500000000249e-01
6.319897199999999771e-01
6.325981600000000205e-01
6.376717699999999711e-01
6.388182000000000027e-01
6.397774800000000095e-01
6.397931000000000035e-01
6.262138499999999608e-01
6.200749300000000241e-01
6.172085999999999961e-01
6.148139799999999822e-01
6.087914700000000012e-01
6.087170800000000215e-01
6.076137400000000133e-01
6.048569099999999699e-01
5.992143800000000464e-01
6.033332299999999426e-01
6.044681699999999713e-01
6.036935999999999414e-01
6.023344400000000265e-01
6.069012299999999582e-01
6.107773199999999569e-01
6.046652799999999717e-01
6.048898699999999407e-01
6.030329500000000120e-01
6.001696599999999382e-01
6.021430500000000130e-01
6.060169300000000092e-01
6.090961700000000478e-01
5.992059100000000083e-01
5.958235299999999901e-01
5.937274099999999555e-01
5.877339200000000208e-01
5.886085599999999474e-01
5.915076700000000409e-01
5.981152699999999767e-01
6.113258599999999987e-01
6.104191500000000214e-01
5.982163499999999523e-01
5.977188300000000343e-01
6.017292100000000143e-01
6.497502299999999842e-01
6.691125599999999674e-01
6.429963100000000153e-01
6.264248500000000330e-01
6.173619599999999874e-01
6.238745999999999459e-01
7.979883599999999522e-01
7.831952599999999487e-01
6.821069100000000107e-01
6.348319599999999729e-01
6.198775199999999597e-01
6.702775399999999495e-01
6.569834399999999741e-01
6.849364000000000008e-01
6.711512800000000167e-01
6.633762100000000217e-01
7.069721799999999501e-01
6.693702299999999550e-01
6.557044399999999440e-01
6.510934200000000338e-01
6.498873800000000145e-01
6.483145999999999631e-01
6.450431300000000201e-01
6.389662000000000397e-01
6.245117799999999608e-01
6.137653600000000376e-01
6.112180400000000180e-01
6.052590599999999599e-01
6.027047599999999505e-01
6.026369900000000390e-01
6.073028999999999789e-01
5.995874399999999715e-01
5.981717100000000231e-01
6.010754099999999767e-01
6.066441499999999376e-01
6.094046199999999525e-01
6.118677900000000225e-01
6.199635300000000404e-01
6.170491000000000170e-01
6.555309900000000356e-01
6.505553099999999977e-01
6.397760500000000405e-01
6.333618800000000437e-01
6.313201800000000086e-01
6.262145000000000072e-01
6.166114799999999896e-01
6.066615600000000441e-01
6.095475599999999883e-01
6.080850399999999656e-01
6.106628199999999396e-01
6.158773300000000006e-01
6.099561999999999484e-01
6.012343799999999572e-01
6.014173000000000435e-01
6.031041099999999711e-01
6.023593499999999601e-01
6.216590399999999406e-01
6.277083199999999863e-01
6.080565500000000290e-01
6.125206399999999496e-01
6.197000700000000473e-01
6.162502199999999597e-01
6.169000300000000436e-01
6.193034600000000278e-01
6.203451199999999721e-01
6.103503099999999515e-01
6.077586400000000166e-01
6.122593899999999589e-01
6.222868000000000288e-01
6.314652600000000282e-01
6.321130400000000149e-01
6.367722700000000291e-01
6.254939400000000260e-01
6.248070000000000013e-01
6.234754900000000211e-01
6.261177700000000179e-01
6.283926399999999468e-01
6.300967299999999938e-01
6.343077400000000088e-01
6.336253299999999866e-01
6.272535900000000275e-01
6.270527799999999763e-01
6.238030199999999859e-01
6.224713899999999578e-01
6.239181200000000205e-01
6.258873299999999640e-01
6.284553999999999974e-01
6.179080000000000128e-01
6.162447899999999867e-01
6.178662200000000215e-01
6.176015700000000441e-01
6.185924999999999896e-01
6.207454199999999922e-01
6.231595899999999855e-01
6.243647300000000344e-01
6.141910000000000425e-01
6.190785199999999655e-01
6.216708399999999468e-01
6.199339600000000061e-01
6.248595700000000308e-01
6.293507799999999985e-01
6.364822999999999453e-01
6.320820499999999509e-01
6.273013899999999587e-01
6.275197900000000217e-01
6.315444099999999450e-01
6.346725800000000417e-01
6.371905199999999825e-01
6.393528600000000228e-01
6.419789200000000085e-01
6.301388099999999381e-01
6.227403299999999531e-01
6.343690800000000296e-01
6.348258900000000038e-01
6.355604499999999435e-01
6.360067099999999751e-01
6.387245099999999676e-01
6.399809699999999824e-01
6.279339800000000027e-01
6.279593099999999373e-01
6.288504000000000316e-01
6.227717999999999865e-01
6.187103999999999937e-01
6.205460400000000210e-01
6.247742200000000468e-01
6.324327600000000382e-01
6.317738899999999491e-01
6.348148599999999808e-01
6.358574000000000170e-01
6.370328100000000049e-01
6.377338200000000068e-01
6.365578199999999409e-01
6.264425500000000424e-01
6.221724699999999775e-01
6.225569800000000376e-01
6.203775999999999735e-01
6.183815599999999968e-01
6.166344299999999556e-01
6.184709099999999848e-01
6.148190500000000336e-01
6.251229600000000053e-01
6.329563900000000354e-01
6.341506799999999666e-01
6.351046599999999875e-01
6.396403899999999476e-01
6.428245299999999496e-01
6.332006500000000315e-01
6.287667200000000012e-01
6.277229800000000415e-01
6.281372299999999909e-01
6.278325299999999443e-01
6.256756799999999563e-01
6.237847199999999592e-01
6.105327000000000393e-01
6.087676899999999724e-01
6.105293600000000209e-01
6.103526900000000310e-01
6.120744299999999471e-01
6.133825800000000106e-01
6.129104499999999955e-01
6.033287600000000195e-01
6.154674900000000060e-01
6.238125599999999604e-01
6.260570899999999828e-01
6.324442599999999803e-01
6.360949900000000268e-01
6.668724400000000108e-01
6.413068199999999441e-01
6.374853299999999612e-01
6.348071100000000078e-01
6.318443400000000043e-01
6.316479400000000188e-01
6.336423199999999811e-01
6.271992899999999649e-01
6.218827999999999578e-01
6.215809599999999602e-01
6.215068700000000446e-01
6.225765300000000169e-01
6.257861900000000199e-01
6.278552400000000366e-01
6.285077300000000422e-01
6.215762499999999413e-01
6.248661899999999880e-01
6.347106700000000323e-01
6.337167599999999901e-01
6.382301999999999698e-01
6.422872499999999762e-01
6.448400599999999372e-01
6.474513400000000418e-01
6.382550599999999852e-01
6.360569600000000046e-01
6.379101900000000436e-01
6.378216100000000388e-01
6.383192500000000047e-01
6.371495699999999429e-01
6.372215700000000149e-01
6.372542999999999402e-01
6.286587099999999539e-01
6.248258899999999949e-01
6.259310799999999730e-01
6.266324500000000075e-01
6.263670300000000468e-01
6.287165299999999402e-01
6.318700299999999714e-01
6.349175599999999919e-01
6.358483999999999803e-01
6.235898699999999906e-01
6.232081099999999818e-01
6.246721699999999711e-01
6.240965099999999932e-01
6.258110399999999851e-01
6.284790000000000099e-01
